dFDFcorMAD=8.51307631819509e-05
dFDFrms=0.00017873758042696863
phiPeakPIchan_rm2=-4.657751083374023
dPhiPeakPIchan_rm2=0.344050521143584
ampPeakPIchan=0.0011221878230571747
ampPeakPIchanEff=0.0011219061341248464
dAmpPeakPIchan=1.657835716992099e-05
snrPIchan=67.68992919836597
indxPeakPIchan=99
peakFDFimagChan=-0.0004520615329965949
peakFDFrealChan=0.0010271056089550257
polAngleChan_deg=168.12209701538086
dPolAngleChan_deg=0.4232223330089215
polAngle0Chan_deg=4.1418993393489245
dPolAngle0Chan_deg=1.1619290500548334
phiPeakPIfit_rm2=-4.77441694409109
dPhiPeakPIfit_rm2=0.3440466693028492
ampPeakPIfit=0.0011222003867270328
ampPeakPIfitEff=0.0011219187009491637
dAmpPeakPIfit=1.657835716992099e-05
snrPIfit=67.6906870340025
lam0sq=0.06002860416262182
freq0=1223605950.9484866
indxPeakPIfit=98.9749523195575
peakFDFimagFit=-0.0004523103496260194
peakFDFrealFit=0.0010264709034810589
polAngleFit_deg=168.10975042743257
dPolAngleFit_deg=0.42321759479484544
polAngle0Fit_deg=4.53081164076346
dPolAngle0Fit_deg=1.1619160416000547
Ifreq0=0.025469532776082052
polyCoeffs=0.0,-123.486,-11.621706,1.2729039,-0.450195,0.025149338
polyCoefferr=0.0,15.643397,1.4251459,0.23355113,0.012935785,3.919963e-05
poly_reffreq=1257236940.8
polyOrd=4
IfitStat=1
IfitChiSqRed=8.620307337758092
fit_function=log
lam0Sq_m2=0.06002860416262182
freq0_Hz=1223605933.806144
fwhmRMSF=46.577510833740234
dQU=6.581566412933171e-05
dFDFth=1.657835716992099e-05
units=Jy/beam
min_freq=882736960.0
max_freq=1631736960.0
N_channels=15
median_channel_width=53500032.0
fracPol=0.044049441770786464
sigmaAddQ=1.4288917876537848
dSigmaAddMinusQ=0.3758500710926258
dSigmaAddPlusQ=0.45921948610694097
sigmaAddU=1.1425014894758048
dSigmaAddMinusU=0.4345336162757705
dSigmaAddPlusU=0.44618380966955207
